1100001110010001111100110000000000000000
0000010001111001100111000001111100000111
0001001100100011111110010000010001111111
0000000000000000000000000000000000000000
0000000000000000000000000000000000000111
1111000100000000000000000000000000000000
0000000000000000011110000011100011110001
1001110000011100000111000001111100000111
1100000001001111100111000001100111111100
0110011111000110011111110001100111110001
1001111111000110011111000110011111110001
1001111100011001111111000110011111000110
0111111100011001111100011001111111000110
0111110001100111111100011001111100011001
1111110001100111110001100111111100011001
1111000110011111110001100111110001100111
1111000110011111000110011111110001100111
1100011001111111000110011111000110011111
1100011001111100011001111111000110011111
0001100111111100011001111100011001111111
0011000111000111000111000111000111110000
0111110000000000000110001001111100110000
0000011110000011100011110001100111001111
1100011111001011111110010111110011111100
0111100111111001011111000001100000111000
0011111000011101000011111110000011111111
0111111110000011111111011111111000001111
1111010011100000111101001111111000001111
1111011111111000001111111101001110000011
1101001111111000001111111101001110000011
1101001111111000001111111101111111100000
1111111101111111100000111111110111111110
0000111111110111111110000011111111011111
1110000011111111011111111000001111111101
1111111000001111111101111111100000111111
1101111111100000111111110111111110000011
1111110111111110000011111111011111111000
0011111111011111111000001111111101111100
0011100000111110000011111001100011111000
1000111110010001100111111001111100111000
0000011110000011100011110001100111001111
1100011111001011111110010111110000011000
0011100000111110000111010000001110000011
1101001111111000001111111101111111100000
1111111101001110000011110100111111100000
1111111101001110000011110100111111100000
1111111101001110000011110100111111100000
1111111101111111100000111111110100111000
0011110100111111100000111111110111111110
0000111111110111111110000011111111011111
1110000011111111011111111000001111111101
1111111000001111111101111111100000111111
1101111111100000111111110111111110000011
1111110111111110000011111111011111111000
0011111111011111111000001111111101111111
1000001111111101111111100000111111110111
1100001110000011111000001111100000000011
1001110011110001001111100110011111000001
1111000100000100011100000111000001100001
1100000111110001100000110001100010011111
0001100000111000111100011001110000000100
1111100011000001110011110001100111000001
1111000001111100000111000001110011111100
0111110010111111100101111100000110000011
1000001111100001110100000011100000111101
0011111110000011111111011111111000001111
1111010011100000111101001111111000001111
1111011111111000001111111101111111100000
1111111101001110000011110100111111100000
1111111101001110000011110100111111100000
1111111101111111100000111111110111111110
0000111111110111111110000011111111011111
1110000011111111011111111000001111111101
1111111000001111111101111111100000111111
1101111111100000111111110111111110000011
1111110111111110000011111111011111111000
0011111111011111111000001111111101111111
1000001111111101111100001110000011111000
0011111001100011111000100011111001000110
0111111001111100111000000001111000001110
0011110001100111001111110001111100101111
1110010111110000011000001110000011111000
0111010000001110000011110100111111100000
1111111101001110000011110100111111100000
1111111101111111100000111111110100111000
0011110100111111100000111111110111111110
0000111111110111111110000011111111010011
1000001111010011111110000011111111011111
1110000011111111011111111000001111111101
1111111000001111111101111111100000111111
1101111111100000111111110111111110000011
1111110111111110000011111111011111111000
0011111111011111111000001111111101111111
1000001111111101111111100000111111110111
1111100000111111110111111110000011111111
0111110000111000001111100000111110000000
0011100111001111000100111110011001111100
0001111100010000010001110000011100000110
0001110000011111000110000011000110001001
1111000110000011100011110001100111000000
0100111110001100000111001111000110011100
0001111100000111110000011100000111001111
1100011111001011111110010111110000011000
0011100000111110000111010000111111100000
1111111101111111100000111111110100111000
0011110100111111100000111111110100111000
0011110100111111100000111111110111111110
0000111111110100111000001111010011111110
0000111111110100111000001111010011111110
0000111111110111111110000011111111011111
1110000011111111011111111000001111111101
1111111000001111111101111111100000111111
1101111111100000111111110111111110000011
1111110111111110000011111111011111111000
0011111111011111111000001111111101111111
1000001111111101111111100000111111110111
1111100000111111110111110000111000001111
1000001111100110001111100010001111100100
0110011111100111110011100000000111100000
1110001111000110011100111111000111110010
1111111001011111000001100000111000001111
1000011101000011111110000011111111010011
1000001111010011111110000011111111011111
1110000011111111011111111000001111111101
1111111000001111111101111111100000111111
1101001110000011110100111111100000111111
1101111111100000111111110111111110000011
1111110111111110000011111111011111111000
0011111111011111111000001111111101111111
1000001111111101111111100000111111110111
1111100000111111110111111110000011111111
0111111110000011111111011111111000001111
1111011111111000001111111101111111100000
1111111101111100001110000011111000001111
1000000000111001110011110001001111100110
0111110000011111000100000100011100000111
0000011000011100000111110001100000110001
1000100111110001100000111000111100011001
1100000001001111100011000001110011110001
1001110000011111000001111100000111000001
1100111111000111110010111111100101111100
0001100000111000001111100001110100000011
1000001111010011111110000011111111010011
1000001111010011111110000011111111010011
1000001111010011111110000011111111010011
1000001111010011111110000011111111011111
1110000011111111010011100000111101001111
1110000011111111010011100000111101001111
1110000011111111011111111000001111111101
1111111000001111111101111111100000111111
1101111111100000111111110111111110000011
1111110111111110000011111111011111111000
0011111111011111111000001111111101111111
1000001111111101111111100000111111110111
1111100000111111110111111110000011111111
0111111110000011111111011111000011100000
1111100000111110011000111110001000111110
0100011001111110011111001110000000011110
0000111000111100011001110011111100011111
0010111111100101111100000110000011100000
1111100001110100000011100000111101001111
1110000011111111011111111000001111111101
1111111000001111111101111111100000111111
1101001110000011110100111111100000111111
1101111111100000111111110100111000001111
0100111111100000111111110111111110000011
1111110111111110000011111111011111111000
0011111111011111111000001111111101111111
1000001111111101111111100000111111110111
1111100000111111110111111110000011111111
0111111110000011111111011111111000001111
1111011111111000001111111101111111100000
1111111101111111100000111111110111110000
1110000011111000001111100000000011100111
0011110001001111100110011111000001111100
0100000100011100000111000001100001110000
0111110001100000110001100010011111000110
0000111000111100011001110000000100111110
0011000001110011110001100111000001111100
0001111100000111000001110011111100011111
0010111111100101111100000110000011100000
1111100001110100001111111000001111111101
1111111000001111111101111111100000111111
1101111111100000111111110111111110000011
1111110100111000001111010011111110000011
1111110111111110000011111111011111111000
0011111111011111111000001111111101111111
1000001111111101111111100000111111110111
1111100000111111110111111110000011111111
0111111110000011111111011111111000001111
1111011111111000001111111101111111100000
1111111101111111100000111111110111111110
0000111111110111111110000011111111011111
0000111000001111100000111110011000111110
0010001111100100011001111110011111001110
0000000111100000111000111100011001110011
1111000111110010111111100101111100000110
0000111000001111100001110100000011100000
1111010011111110000011111111011111111000
0011111111010011100000111101001111111000
0011111111011111111000001111111101111111
1000001111111101111111100000111111110100
1110000011110100111111100000111111110111
1111100000111111110111111110000011111111
0111111110000011111111011111111000001111
1111011111111000001111111101111111100000
1111111101111111100000111111110111111110
0000111111110111111110000011111111011111
1110000011111111011111111000001111111101
1111111000001111111101111111100000111111
1101111100001110000011111000001111100000
0000111001110011110001001111100110011111
0000011111000100000100011100000111000001
1000011100000111110001100000110001100010
0111110001100000111000111100011001110000
0001001111100011000001110011110001100111
0000011111000001111100000111000001110011
1111000111110010111111100101111100000110
0000111000001111100001110100000011100000
1111010011111110000011111111010011100000
1111010011111110000011111111010011100000
1111010011111110000011111111011111111000
0011111111010011100000111101001111111000
0011111111010011100000111101001111111000
0011111111010011100000111101001111111000
0011111111011111111000001111111101111111
1000001111111101111111100000111111110111
1111100000111111110111111110000011111111
0111111110000011111111011111111000001111
1111011111111000001111111101111111100000
1111111101111111100000111111110111111110
0000111111110111111110000011111111011111
1110000011111111011111000011100000111110
0000111110011000111110001000111110010001
1001111110011111001110000000011110000011
1000111100011001110011111100011111001011
1111100101111100000110000011100000111110
0001110100001111111000001111111101111111
1000001111111101111111100000111111110111
1111100000111111110111111110000011111111
0100111000001111010011111110000011111111
0100111000001111010011111110000011111111
0111111110000011111111011111111000001111
1111011111111000001111111101111111100000
1111111101111111100000111111110111111110
0000111111110111111110000011111111011111
1110000011111111011111111000001111111101
1111111000001111111101111111100000111111
1101111111100000111111110111111110000011
1111110111110000111000001111100000111110
0000000011100111001111000100111110011001
1111000001111100010000010001110000011100
0001100001110000011111000110000011000110
0010011111000110000011100011110001100111
0000000100111110001100000111001111000110
0111000001111100000111110000011100000111
0011111100011111001011111110010111110000
0110000011100000111110000111010000111111
1000001111111101001110000011110100111111
1000001111111101111111100000111111110111
1111100000111111110100111000001111010011
1111100000111111110100111000001111010011
1111100000111111110100111000001111010011
1111100000111111110111111110000011111111
0111111110000011111111011111111000001111
1111011111111000001111111101111111100000
1111111101111111100000111111110111111110
0000111111110111111110000011111111011111
1110000011111111011111111000001111111101
1111111000001111111101111111100000111111
1101111111100000111111110111110000111000
0011111000001111100110001111100010001111
1001000110011111100111110011100000000111
1000001110001111000110011100111111000111
1100101111111001011111000001100000111000
0011111000011101000000111000001111010011
1111100000111111110100111000001111010011
1111100000111111110100111000001111010011
1111100000111111110111111110000011111111
0100111000001111010011111110000011111111
0111111110000011111111010011100000111101
0011111110000011111111011111111000001111
1111011111111000001111111101111111100000
1111111101111111100000111111110111111110
0000111111110111111110000011111111011111
1110000011111111011111111000001111111101
1111111000001111111101111111100000111111
1101111111100000111111110111111110000011
1111110111111110000011111111011111000011
1000001111100000111110000000001110011100
1111000100111110011001111100000111110001
0000010001110000011100000110000111000001
1111000110000011000110001001111100011000
0011100011110001100111000000010011111000
1100000111001111000110011100000111110000
0111110000011100000111001111110001111100
1011111110010111110000011000001110000011
1110000111010000111111100000111111110111
1111100000111111110100111000001111010011
1111100000111111110111111110000011111111
0111111110000011111111010011100000111101
0011111110000011111111010011100000111101
0011111110000011111111011111111000001111
1111011111111000001111111101111111100000
1111111101111111100000111111110111111110
0000111111110111111110000011111111011111
1110000011111111011111111000001111111101
1111111000001111111101111111100000111111
1101111111100000111111110111111110000011
1111110111111110000011111111011111000011
1000001111100000111110011000111110001000
1111100100011001111110011111001110000000
0111100000111000111100011001110011111100
0111110010111111100101111100000110000011
1000001111100001110100001111111000001111
1111011111111000001111111101001110000011
1101001111111000001111111101001110000011
1101001111111000001111111101111111100000
1111111101001110000011110100111111100000
1111111101001110000011110100111111100000
1111111101111111100000111111110111111110
0000111111110111111110000011111111011111
1110000011111111011111111000001111111101
1111111000001111111101111111100000111111
1101111111100000111111110111111110000011
1111110111111110000011111111011111111000
0011111111011111111000001111111101111111
1000001111111101111100001110000011111000
0011111000000000111001110011110001001111
1001100111110000011111000100000100011100
0001110000011000011100000111110001100000
1100011000100111110001100000111000111100
0110011100000001001111100011000001110011
1100011001110000011111000001111100000111
0000011100111111000111110010111111100101
1111000001100000111000001111100001110100
0011111110000011111111010011100000111101
0011111110000011111111011111111000001111
1111010011100000111101001111111000001111
1111011111111000001111111101111111100000
1111111101111111100000111111110111111110
0000111111110111111110000011111111011111
1110000011111111011111111000001111111101
1111111000001111111101111111100000111111
1101111111100000111111110111111110000011
1111110111111110000011111111011111111000
0011111111011111111000001111111101111111
1000001111111101111111100000111111110111
1100001110000011111000001111100110001111
1000100011111001000110011111100111110011
1000000001111000001110001111000110011100
1111110001111100101111111001011111000001
1000001110000011111000011101000011111110
0000111111110111111110000011111111011111
1110000011111111010011100000111101001111
1110000011111111011111111000001111111101
1111111000001111111101001110000011110100
1111111000001111111101111111100000111111
1101111111100000111111110111111110000011
1111110111111110000011111111011111111000
0011111111011111111000001111111101111111
1000001111111101111111100000111111110111
1111100000111111110111111110000011111111
0111111110000011111111011111111000001111
1111011111111000001111111101111100001110
0000111110000011111000000000111001110011
1100010011111001100111110000011111000100
0001000111000001110000011000011100000111
1100011000001100011000100111110001100000
1110001111000110011100000001001111100011
0000011100111100011001110000011111000001
1111000001110000011100111111000111110010
1111111001011111000001100000111000001111
1000011101000000111000001111010011111110
0000111111110111111110000011111111010011
1000001111010011111110000011111111010011
1000001111010011111110000011111111010011
1000001111010011111110000011111111011111
1110000011111111010011100000111101001111
1110000011111111011111111000001111111101
1111111000001111111101111111100000111111
1101111111100000111111110111111110000011
1111110111111110000011111111011111111000
0011111111011111111000001111111101111111
1000001111111101111111100000111111110111
1111100000111111110111111110000011111111
0111111110000011111111011111000011100000
1111100000111110011000111000110011000001
1111000001100010011111001100000111100000
1110001111000110011100000111110000011111
0001000011001111100010011110011001110000
0110000111000001111100001111000001111000
0110001001111100011000001110001111000110
0111000000010011111000110000011100111100
0110011100000111110000011111000001110000
0111001111110001111100101111111001011111
0000011000001110000011111000011101000000
1110000011110100111111100000111111110100
1110000011110100111111100000111111110111
1111100000111111110100111000001111010011
1111100000111111110111111110000011111111
0111111110000011111111010011100000111101
0011111110000011111111011111111000001111
1111011111111000001111111101111111100000
1111111101111111100000111111110111111110
0000111111110111111110000011111111011111
1110000011111111011111111000001111111101
1111111000001111111101111111100000111111
1101111111100000111111110111111110000011
1111110111111110000011111111011111000011
1000001111100000111110011000111000110011
0000011111000001100010011111001100000111
1000001110001111000110011100000111110000
0111110001000011001111100010011110011001
1100000110000111000001111100001111000001
1110000110001001111100011000001110001111
0001100111000000010011111000110000011100
1111000110011100000111110000011111000001
1100000111001111110001111100101111111001
0111110000011000001110000011111000011101
0000111111100000111111110100111000001111
0100111111100000111111110111111110000011
1111110111111110000011111111011111111000
0011111111011111111000001111111101001110
0000111101001111111000001111111101111111
1000001111111101111111100000111111110111
1111100000111111110111111110000011111111
0111111110000011111111011111111000001111
1111011111111000001111111101111111100000
1111111101111111100000111111110111111110
0000111111110111111110000011111111011111
1110000011111111011111111000001111111101
1111000011100000111110000011111001100011
1000110011000001111100000110001001111100
1100000111100000111000111100011001110000
0111110000011111000100001100111110001001
1110011001110000011000011100000111110000
1111000001111000011000100111110001100000
1110001111000110011100000001001111100011
0000011100111100011001110000011111000001
1111000001110000011100111111000111110010
1111111001011111000001100000111000001111
1000011101000011111110000011111111010011
1000001111010011111110000011111111011111
1110000011111111011111111000001111111101
1111111000001111111101111111100000111111
1101001110000011110100111111100000111111
1101111111100000111111110111111110000011
1111110111111110000011111111011111111000
0011111111011111111000001111111101111111
1000001111111101111111100000111111110111
1111100000111111110111111110000011111111
0111111110000011111111011111111000001111
1111011111111000001111111101111111100000
1111111101111100001110000011111000001111
1001100011100011001100000111110000011000
1001111100110000011110000011100011110001
1001110000011111000001111100010000110011
1110001001111001100111000001100001110000
0111110000111100000111100001100010011111
0001100000111000111100011001110000000100
1111100011000001110011110001100111000001
1111000001111100000111000001110011111100
0111110010111111100101111100000110000011
1000001111100001110100000011100000111101
0011111110000011111111011111111000001111
1111011111111000001111111101111111100000
1111111101001110000011110100111111100000
1111111101111111100000111111110100111000
0011110100111111100000111111110111111110
0000111111110111111110000011111111011111
1110000011111111011111111000001111111101
1111111000001111111101111111100000111111
1101111111100000111111110111111110000011
1111110111111110000011111111011111111000
0011111111011111111000001111111101111111
1000001111111101111111100000111111110111
1100001110000011111000001111100110001110
0011001100000111110000011000100111110011
0000011110000011100011110001100111000001
1111000001111100010000110011111000100111
1001100111000001100001110000011111000011
1100000111100001100010011111000110000011
1000111100011001110000000100111110001100
0001110011110001100111000001111100000111
1100000111000001110011111100011111001011
1111100101111100000110000011100000111110
0001110100000011100000111101001111111000
0011111111011111111000001111111101001110
0000111101001111111000001111111101111111
1000001111111101111111100000111111110111
1111100000111111110100111000001111010011
1111100000111111110111111110000011111111
0111111110000011111111011111111000001111
1111011111111000001111111101111111100000
1111111101111111100000111111110111111110
0000111111110111111110000011111111011111
1110000011111111011111111000001111111101
1111111000001111111101111111100000111111
1101111111100000111111110111110000111000
0011111000001111100110001110001100110000
0111110000011000100111110011000001111000
0011100011110001100111000001111100000111
1100010000110011111000100111100110011100
0001100001110000011111000011110000011110
0001100010011111000110000011100011110001
1001110000000100111110001100000111001111
0001100111000001111100000111110000011100
0001110011111100011111001011111110010111
1100000110000011100000111110000111010000
1111111000001111111101111111100000111111
1101111111100000111111110111111110000011
1111110111111110000011111111010011100000
1111010011111110000011111111010011100000
1111010011111110000011111111011111111000
0011111111011111111000001111111101111111
1000001111111101111111100000111111110111
1111100000111111110111111110000011111111
0111111110000011111111011111111000001111
1111011111111000001111111101111111100000
1111111101111111100000111111110111111110
0000111111110111111110000011111111011111
0000111000001111100000111110011000111000
1100110000011111000001100010011111001100
0001111000001110001111000110011100000111
1100000111110001000011001111100010011110
0110011100000110000111000001111100001111
0000011110000110001001111100011000001110
0011110001100111000000010011111000110000
0111001111000110011100000111110000011111
0000011100000111001111110001111100101111
1110010111110000011000001110000011111000
0111010000001110000011110100111111100000
1111111101111111100000111111110111111110
0000111111110111111110000011111111010011
1000001111010011111110000011111111011111
1110000011111111010011100000111101001111
1110000011111111011111111000001111111101
1111111000001111111101111111100000111111
1101111111100000111111110111111110000011
1111110111111110000011111111011111111000
0011111111011111111000001111111101111111
1000001111111101111111100000111111110111
1111100000111111110111111110000011111111
0111111110000011111111011111000011100000
1111100000111110011000111000110011000001
1111000001100010011111001100000111100000
1110001111000110011100000111110000011111
0001000011001111100010011110011001110000
0110000111000001111100001111000001111000
0110001001111100011000001110001111000110
0111000000010011111000110000011100111100
0110011100000111110000011111000001110000
0111001111110001111100101111111001011111
0000011000001110000011111000011101000000
1110000011110100111111100000111111110100
1110000011110100111111100000111111110100
1110000011110100111111100000111111110111
1111100000111111110100111000001111010011
1111100000111111110111111110000011111111
0100111000001111010011111110000011111111
0111111110000011111111011111111000001111
1111011111111000001111111101111111100000
1111111101111111100000111111110111111110
0000111111110111111110000011111111011111
1110000011111111011111111000001111111101
1111111000001111111101111111100000111111
1101111111100000111111110111111110000011
1111110111110000111000001111100000111110
0110001110001100110000011111000001100010
0111110011000001111000001110001111000110
0111000001111100000111110001000011001111
1000100111100110011100000110000111000001
1111000011110000011110000110001001111100
0110000011100011110001100111000000010011
1110001100000111001111000110011100000111
1100000111110000011100000111001111110001
1111001011111110010111110000011000001110
0000111110000111010000111111100000111111
1101001110000011110100111111100000111111
1101111111100000111111110111111110000011
1111110111111110000011111111011111111000
0011111111010011100000111101001111111000
0011111111011111111000001111111101111111
1000001111111101111111100000111111110111
1111100000111111110111111110000011111111
0111111110000011111111011111111000001111
1111011111111000001111111101111111100000
1111111101111111100000111111110111111110
0000111111110111111110000011111111011111
1110000011111111011111000011100000111110
0000111110011000111000110011000001111100
0001100010011111001100000111100000111000
1111000110011100000111110000011111000100
0011001111100010011110011001110000011000
0111000001111100001111000001111000011000
1001111100011000001110001111000110011100
0000010011111000110000011100111100011001
1100000111110000011111000001110000011100
1111110001111100101111111001011111000001
1000001110000011111000011101000011111110
0000111111110111111110000011111111010011
1000001111010011111110000011111111010011
1000001111010011111110000011111111011111
1110000011111111010011100000111101001111
1110000011111111010011100000111101001111
1110000011111111011111111000001111111101
1111111000001111111101111111100000111111
1101111111100000111111110111111110000011
1111110111111110000011111111011111111000
0011111111011111111000001111111101111111
1000001111111101111111100000111111110111
1111100000111111110111111110000011111111
0111111110000011111111011111000011100000
1111100000111110011000111000110011000001
1111000001100010011111001100000111100000
1110001111000110011100000111110000011111
0001000011001111100010011110011001110000
0110000111000001111100001111000001111000
0110001001111100011000001110001111000110
0111000000010011111000110000011100111100
0110011100000111110000011111000001110000
0111001111110001111100101111111001011111
0000011000001110000011111000011101000011
1111100000111111110111111110000011111111
0111111110000011111111010011100000111101
0011111110000011111111011111111000001111
1111011111111000001111111101001110000011
1101001111111000001111111101111111100000
1111111101111111100000111111110111111110
0000111111110111111110000011111111011111
1110000011111111011111111000001111111101
1111111000001111111101111111100000111111
1101111111100000111111110111111110000011
1111110111111110000011111111011111111000
0011111111011111111000001111111101111100
0011100000111110000011111001100011100011
0011000001111100000110001001111100110000
0111100000111000111100011001110000011111
0000011111000100001100111110001001111001
1001110000011000011100000111110000111100
0001111000011000100111110001100000111000
1111000110011100000001001111100011000001
1100111100011001110000011111000001111100
0001110000011100